1000 1000
0 300 
0.400016 300.701 
0.8 301.4 
1.19995 302.098 
1.59989 302.794 
1.99979 303.49 
2.39966 304.183 
2.79949 304.876 
3.19931 305.567 
3.5991 306.257 
3.99885 306.945 
4.39859 307.632 
4.79829 308.318 
5.19796 309.003 
5.5976 309.686 
5.99722 310.368 
6.39681 311.049 
6.79637 311.729 
7.1959 312.407 
7.59541 313.084 
7.99488 313.76 
8.39433 314.434 
8.79375 315.108 
9.19314 315.78 
9.59251 316.451 
9.99185 317.121 
10.3912 317.79 
10.7904 318.457 
11.1897 319.124 
11.5889 319.789 
11.9881 320.453 
12.3873 321.116 
12.7864 321.778 
13.1856 322.439 
13.5846 323.098 
13.9837 323.757 
14.3827 324.414 
14.7817 325.071 
15.1807 325.726 
15.5797 326.38 
15.9786 327.034 
16.3775 327.686 
16.7764 328.337 
17.1752 328.987 
17.574 329.636 
17.9728 330.284 
18.3716 330.931 
18.7703 331.577 
19.169 332.222 
19.5677 332.866 
19.9663 333.509 
20.365 334.151 
20.7636 334.793 
21.1621 335.433 
21.5607 336.072 
21.9592 336.71 
22.3577 337.347 
22.7561 337.984 
23.1546 338.619 
23.553 339.253 
23.9514 339.887 
24.3497 340.52 
24.7481 341.151 
25.1464 341.782 
25.5446 342.412 
25.9429 343.041 
26.3411 343.669 
26.7393 344.296 
27.1375 344.923 
27.5356 345.548 
27.9337 346.173 
28.3318 346.797 
28.7299 347.42 
29.1279 348.042 
29.5259 348.663 
29.9239 349.283 
30.3219 349.903 
30.7198 350.521 
31.1177 351.139 
31.5156 351.756 
31.9135 352.373 
32.3113 352.988 
32.7091 353.603 
33.1068 354.217 
33.5046 354.83 
33.9023 355.442 
34.3 356.053 
34.6977 356.664 
35.0953 357.274 
35.4929 357.883 
35.8905 358.492 
36.2881 359.099 
36.6856 359.706 
37.0832 360.312 
37.4806 360.917 
37.8781 361.522 
38.2755 362.126 
38.673 362.729 
39.0703 363.332 
39.4677 363.933 
39.865 364.534 
40.2623 365.134 
40.6596 365.734 
41.0569 366.333 
41.4541 366.931 
41.8513 367.528 
42.2485 368.125 
42.6456 368.721 
43.0428 369.316 
43.4399 369.911 
43.837 370.505 
44.234 371.098 
44.631 371.691 
45.028 372.283 
45.425 372.874 
45.822 373.465 
46.2189 374.055 
46.6158 374.644 
47.0127 375.232 
47.4095 375.82 
47.8064 376.408 
48.2032 376.994 
48.5999 377.58 
48.9967 378.166 
49.3934 378.751 
49.7901 379.335 
50.1868 379.918 
50.5834 380.501 
50.9801 381.084 
51.3767 381.665 
51.7733 382.246 
52.1698 382.827 
52.5663 383.407 
52.9628 383.986 
53.3593 384.564 
53.7558 385.142 
54.1522 385.72 
54.5486 386.297 
54.945 386.873 
55.3413 387.449 
55.7377 388.024 
56.134 388.598 
56.5303 389.172 
56.9265 389.746 
57.3228 390.318 
57.719 390.891 
58.1151 391.462 
58.5113 392.033 
58.9074 392.604 
59.3035 393.174 
59.6996 393.743 
60.0957 394.312 
60.4917 394.881 
60.8877 395.449 
61.2837 396.016 
61.6797 396.583 
62.0756 397.149 
62.4716 397.714 
62.8674 398.28 
63.2633 398.844 
63.6592 399.408 
64.055 399.972 
64.4508 400.535 
64.8465 401.097 
65.2423 401.659 
65.638 402.221 
66.0337 402.782 
66.4294 403.342 
66.8251 403.902 
67.2207 404.462 
67.6163 405.021 
68.0119 405.579 
68.4074 406.137 
68.803 406.695 
69.1985 407.252 
69.594 407.808 
69.9894 408.364 
70.3849 408.92 
70.7803 409.475 
71.1757 410.029 
71.571 410.583 
71.9664 411.137 
72.3617 411.69 
72.757 412.243 
73.1523 412.795 
73.5475 413.346 
73.9428 413.898 
74.338 414.449 
74.7331 414.999 
75.1283 415.549 
75.5234 416.098 
75.9185 416.647 
76.3136 417.196 
76.7087 417.744 
77.1038 418.291 
77.4988 418.839 
77.8938 419.385 
78.2887 419.932 
78.6837 420.477 
79.0786 421.023 
79.4735 421.568 
79.8684 422.112 
80.2633 422.656 
80.6581 423.2 
81.0529 423.743 
81.4477 424.286 
81.8424 424.829 
82.2372 425.371 
82.6319 425.912 
83.0266 426.453 
83.4213 426.994 
83.8159 427.534 
84.2106 428.074 
84.6052 428.614 
84.9997 429.153 
85.3943 429.691 
85.7888 430.23 
86.1834 430.767 
86.5779 431.305 
86.9723 431.842 
87.3668 432.379 
87.7612 432.915 
88.1556 433.451 
88.55 433.986 
88.9443 434.521 
89.3387 435.056 
89.733 435.59 
90.1273 436.124 
90.5215 436.658 
90.9158 437.191 
91.31 437.724 
91.7042 438.256 
92.0984 438.788 
92.4925 439.319 
92.8867 439.851 
93.2808 440.382 
93.6749 440.912 
94.0689 441.442 
94.463 441.972 
94.857 442.501 
95.251 443.03 
95.645 443.559 
96.0389 444.087 
96.4329 444.615 
96.8268 445.143 
97.2207 445.67 
97.6145 446.197 
98.0084 446.723 
98.4022 447.249 
98.796 447.775 
99.1898 448.3 
99.5835 448.826 
99.9773 449.35 
100.371 449.875 
100.765 450.399 
101.158 450.922 
101.552 451.446 
101.946 451.969 
102.339 452.491 
102.733 453.014 
103.126 453.535 
103.52 454.057 
103.913 454.578 
104.307 455.099 
104.7 455.62 
105.094 456.14 
105.487 456.66 
105.881 457.18 
106.274 457.699 
106.667 458.218 
107.061 458.737 
107.454 459.255 
107.847 459.773 
108.241 460.291 
108.634 460.808 
109.027 461.325 
109.42 461.842 
109.814 462.358 
110.207 462.874 
110.6 463.39 
110.993 463.906 
111.386 464.421 
111.779 464.935 
112.172 465.45 
112.565 465.964 
112.958 466.478 
113.351 466.992 
113.744 467.505 
114.137 468.018 
114.53 468.531 
114.923 469.043 
115.316 469.555 
115.709 470.067 
116.102 470.578 
116.495 471.09 
116.888 471.6 
117.28 472.111 
117.673 472.621 
118.066 473.131 
118.459 473.641 
118.851 474.151 
119.244 474.66 
119.637 475.168 
120.029 475.677 
120.422 476.185 
120.815 476.693 
121.207 477.201 
121.6 477.708 
121.992 478.216 
122.385 478.722 
122.777 479.229 
123.17 479.735 
123.562 480.241 
123.955 480.747 
124.347 481.252 
124.739 481.758 
125.132 482.262 
125.524 482.767 
125.917 483.271 
126.309 483.776 
126.701 484.279 
127.093 484.783 
127.486 485.286 
127.878 485.789 
128.27 486.292 
128.662 486.794 
129.055 487.297 
129.447 487.799 
129.839 488.3 
130.231 488.802 
130.623 489.303 
131.015 489.804 
131.407 490.304 
131.799 490.805 
132.191 491.305 
132.583 491.805 
132.975 492.304 
133.367 492.804 
133.759 493.303 
134.151 493.802 
134.543 494.3 
134.935 494.798 
135.327 495.297 
135.719 495.794 
136.11 496.292 
136.502 496.789 
136.894 497.286 
137.286 497.783 
137.677 498.28 
138.069 498.776 
138.461 499.272 
138.853 499.768 
139.244 500.264 
139.636 500.759 
140.028 501.254 
140.419 501.749 
140.811 502.244 
141.202 502.738 
141.594 503.232 
141.985 503.726 
142.377 504.22 
142.768 504.713 
143.16 505.207 
143.551 505.7 
143.943 506.192 
144.334 506.685 
144.725 507.177 
145.117 507.669 
145.508 508.161 
145.899 508.653 
146.291 509.144 
146.682 509.635 
147.073 510.126 
147.465 510.617 
147.856 511.107 
148.247 511.597 
148.638 512.087 
149.029 512.577 
149.421 513.067 
149.812 513.556 
150.203 514.045 
150.594 514.534 
150.985 515.023 
151.376 515.511 
151.767 515.999 
152.158 516.487 
152.549 516.975 
152.94 517.463 
153.331 517.95 
153.722 518.437 
154.113 518.924 
154.504 519.411 
154.895 519.897 
155.285 520.384 
155.676 520.87 
156.067 521.356 
156.458 521.841 
156.849 522.327 
157.24 522.812 
157.63 523.297 
158.021 523.782 
158.412 524.266 
158.802 524.751 
159.193 525.235 
159.584 525.719 
159.974 526.203 
160.365 526.686 
160.756 527.169 
161.146 527.653 
161.537 528.136 
161.927 528.618 
162.318 529.101 
162.708 529.583 
163.099 530.065 
163.489 530.547 
163.88 531.029 
164.27 531.511 
164.661 531.992 
165.051 532.473 
165.441 532.954 
165.832 533.435 
166.222 533.916 
166.612 534.396 
167.003 534.876 
167.393 535.356 
167.783 535.836 
168.173 536.316 
168.564 536.795 
168.954 537.274 
169.344 537.753 
169.734 538.232 
170.124 538.711 
170.514 539.189 
170.905 539.667 
171.295 540.146 
171.685 540.623 
172.075 541.101 
172.465 541.579 
172.855 542.056 
173.245 542.533 
173.635 543.01 
174.025 543.487 
174.415 543.964 
174.805 544.44 
175.195 544.916 
175.585 545.392 
175.974 545.868 
176.364 546.344 
176.754 546.82 
177.144 547.295 
177.534 547.77 
177.923 548.245 
178.313 548.72 
178.703 549.194 
179.093 549.669 
179.482 550.143 
179.872 550.617 
180.262 551.091 
180.651 551.565 
181.041 552.038 
181.431 552.512 
181.82 552.985 
182.21 553.458 
182.6 553.931 
182.989 554.404 
183.379 554.876 
183.768 555.349 
184.158 555.821 
184.547 556.293 
184.937 556.765 
185.326 557.236 
185.715 557.708 
186.105 558.179 
186.494 558.65 
186.884 559.121 
187.273 559.592 
187.662 560.063 
188.052 560.533 
188.441 561.003 
188.83 561.474 
189.219 561.944 
189.609 562.413 
189.998 562.883 
190.387 563.353 
190.776 563.822 
191.166 564.291 
191.555 564.76 
191.944 565.229 
192.333 565.698 
192.722 566.166 
193.111 566.635 
193.5 567.103 
193.889 567.571 
194.278 568.039 
194.667 568.506 
195.056 568.974 
195.445 569.441 
195.834 569.909 
196.223 570.376 
196.612 570.843 
197.001 571.31 
197.39 571.776 
197.779 572.243 
198.168 572.709 
198.557 573.175 
198.946 573.641 
199.334 574.107 
199.723 574.573 
200.112 575.038 
200.501 575.504 
200.889 575.969 
201.278 576.434 
201.667 576.899 
202.056 577.364 
202.444 577.828 
202.833 578.293 
203.222 578.757 
203.61 579.221 
203.999 579.686 
204.387 580.149 
204.776 580.613 
205.165 581.077 
205.553 581.54 
205.942 582.004 
206.33 582.467 
206.719 582.93 
207.107 583.393 
207.495 583.855 
207.884 584.318 
208.272 584.78 
208.661 585.243 
209.049 585.705 
209.438 586.167 
209.826 586.629 
210.214 587.09 
210.603 587.552 
210.991 588.013 
211.379 588.475 
211.767 588.936 
212.156 589.397 
212.544 589.858 
212.932 590.318 
213.32 590.779 
213.709 591.239 
214.097 591.7 
214.485 592.16 
214.873 592.62 
215.261 593.08 
215.649 593.539 
216.037 593.999 
216.425 594.459 
216.813 594.918 
217.201 595.377 
217.59 595.836 
217.978 596.295 
218.365 596.754 
218.753 597.213 
219.141 597.671 
219.529 598.13 
219.917 598.588 
220.305 599.046 
220.693 599.504 
221.081 599.962 
221.469 600.419 
221.857 600.877 
222.244 601.334 
222.632 601.792 
223.02 602.249 
223.408 602.706 
223.796 603.163 
224.183 603.62 
224.571 604.076 
224.959 604.533 
225.346 604.989 
225.734 605.446 
226.122 605.902 
226.509 606.358 
226.897 606.814 
227.285 607.27 
227.672 607.725 
228.06 608.181 
228.447 608.636 
228.835 609.091 
229.223 609.546 
229.61 610.001 
229.998 610.456 
230.385 610.911 
230.773 611.366 
231.16 611.82 
231.547 612.275 
231.935 612.729 
232.322 613.183 
232.71 613.637 
233.097 614.091 
233.484 614.545 
233.872 614.998 
234.259 615.452 
234.646 615.905 
235.034 616.358 
235.421 616.811 
235.808 617.264 
236.195 617.717 
236.583 618.17 
236.97 618.623 
237.357 619.075 
237.744 619.528 
238.131 619.98 
238.519 620.432 
238.906 620.884 
239.293 621.336 
239.68 621.788 
240.067 622.24 
240.454 622.691 
240.841 623.143 
241.228 623.594 
241.615 624.045 
242.002 624.497 
242.389 624.948 
242.776 625.398 
243.163 625.849 
243.55 626.3 
243.937 626.75 
244.324 627.201 
244.711 627.651 
245.098 628.101 
245.485 628.551 
245.871 629.001 
246.258 629.451 
246.645 629.901 
247.032 630.351 
247.419 630.8 
247.806 631.249 
248.192 631.699 
248.579 632.148 
248.966 632.597 
249.352 633.046 
249.739 633.495 
250.126 633.943 
250.513 634.392 
250.899 634.841 
251.286 635.289 
251.672 635.737 
252.059 636.185 
252.446 636.633 
252.832 637.081 
253.219 637.529 
253.605 637.977 
253.992 638.424 
254.378 638.872 
254.765 639.319 
255.151 639.767 
255.538 640.214 
255.924 640.661 
256.311 641.108 
256.697 641.555 
257.084 642.002 
257.47 642.448 
257.856 642.895 
258.243 643.341 
258.629 643.787 
259.015 644.234 
259.402 644.68 
259.788 645.126 
260.174 645.572 
260.561 646.018 
260.947 646.463 
261.333 646.909 
261.719 647.354 
262.105 647.8 
262.492 648.245 
262.878 648.69 
263.264 649.135 
263.65 649.58 
264.036 650.025 
264.422 650.47 
264.809 650.914 
265.195 651.359 
265.581 651.803 
265.967 652.248 
266.353 652.692 
266.739 653.136 
267.125 653.58 
267.511 654.024 
267.897 654.468 
268.283 654.912 
268.669 655.355 
269.055 655.799 
269.441 656.242 
269.827 656.686 
270.213 657.129 
270.598 657.572 
270.984 658.015 
271.37 658.458 
271.756 658.901 
272.142 659.344 
272.528 659.786 
272.913 660.229 
273.299 660.671 
273.685 661.114 
274.071 661.556 
274.457 661.998 
274.842 662.44 
275.228 662.882 
275.614 663.324 
275.999 663.766 
276.385 664.208 
276.771 664.649 
277.156 665.091 
277.542 665.532 
277.928 665.973 
278.313 666.414 
278.699 666.856 
279.084 667.297 
279.47 667.737 
279.855 668.178 
280.241 668.619 
280.626 669.06 
281.012 669.5 
281.397 669.941 
281.783 670.381 
282.168 670.821 
282.554 671.261 
282.939 671.701 
283.325 672.141 
283.71 672.581 
284.095 673.021 
284.481 673.461 
284.866 673.901 
285.251 674.34 
285.637 674.779 
286.022 675.219 
286.407 675.658 
286.793 676.097 
287.178 676.536 
287.563 676.975 
287.948 677.414 
288.334 677.853 
288.719 678.292 
289.104 678.73 
289.489 679.169 
289.874 679.607 
290.259 680.046 
290.645 680.484 
291.03 680.922 
291.415 681.36 
291.8 681.798 
292.185 682.236 
292.57 682.674 
292.955 683.112 
293.34 683.549 
293.725 683.987 
294.11 684.424 
294.495 684.862 
294.88 685.299 
295.265 685.736 
295.65 686.173 
296.035 686.61 
296.42 687.047 
296.805 687.484 
297.19 687.921 
297.575 688.357 
297.96 688.794 
298.344 689.23 
298.729 689.667 
299.114 690.103 
299.499 690.539 
299.884 690.976 
300.269 691.412 
300.653 691.848 
301.038 692.284 
301.423 692.719 
301.808 693.155 
302.192 693.591 
302.577 694.026 
302.962 694.462 
303.346 694.897 
303.731 695.333 
304.116 695.768 
304.5 696.203 
304.885 696.638 
305.27 697.073 
305.654 697.508 
306.039 697.943 
306.423 698.378 
306.808 698.812 
307.192 699.247 
307.577 699.681 
307.961 700.116 
308.346 700.55 
308.73 700.984 
309.115 701.419 
309.499 701.853 
309.884 702.287 
310.268 702.721 
310.653 703.154 
311.037 703.588 
311.421 704.022 
311.806 704.456 
312.19 704.889 
312.574 705.323 
312.959 705.756 
313.343 706.189 
313.727 706.622 
314.112 707.055 
314.496 707.489 
314.88 707.922 
315.265 708.354 
315.649 708.787 
316.033 709.22 
316.417 709.653 
316.801 710.085 
317.186 710.518 
317.57 710.95 
317.954 711.383 
318.338 711.815 
318.722 712.247 
319.106 712.679 
319.49 713.111 
319.875 713.543 
320.259 713.975 
320.643 714.407 
321.027 714.839 
321.411 715.27 
321.795 715.702 
322.179 716.133 
322.563 716.565 
322.947 716.996 
323.331 717.427 
323.715 717.859 
324.099 718.29 
324.483 718.721 
324.867 719.152 
325.251 719.583 
325.634 720.014 
326.018 720.444 
326.402 720.875 
326.786 721.306 
327.17 721.736 
327.554 722.167 
327.938 722.597 
328.321 723.027 
328.705 723.457 
329.089 723.888 
329.473 724.318 
329.856 724.748 
330.24 725.178 
330.624 725.608 
331.008 726.037 
331.391 726.467 
331.775 726.897 
332.159 727.326 
332.542 727.756 
332.926 728.185 
333.31 728.615 
333.693 729.044 
334.077 729.473 
334.461 729.902 
334.844 730.331 
335.228 730.76 
335.611 731.189 
335.995 731.618 
336.378 732.047 
336.762 732.476 
337.145 732.904 
337.529 733.333 
337.912 733.761 
338.296 734.19 
338.679 734.618 
339.063 735.046 
339.446 735.475 
339.83 735.903 
340.213 736.331 
340.596 736.759 
340.98 737.187 
341.363 737.615 
341.746 738.042 
342.13 738.47 
342.513 738.898 
342.896 739.326 
343.28 739.753 
343.663 740.18 
344.046 740.608 
344.43 741.035 
344.813 741.462 
345.196 741.89 
345.579 742.317 
345.963 742.744 
346.346 743.171 
346.729 743.598 
347.112 744.025 
347.495 744.451 
347.878 744.878 
348.262 745.305 
348.645 745.731 
349.028 746.158 
349.411 746.584 
349.794 747.011 
350.177 747.437 
350.56 747.863 
350.943 748.289 
351.326 748.715 
351.709 749.141 
352.092 749.567 
352.475 749.993 
352.858 750.419 
353.241 750.845 
353.624 751.271 
354.007 751.696 
354.39 752.122 
354.773 752.547 
355.156 752.973 
355.539 753.398 
355.922 753.824 
356.305 754.249 
356.688 754.674 
357.07 755.099 
357.453 755.524 
357.836 755.949 
358.219 756.374 
358.602 756.799 
358.984 757.224 
359.367 757.649 
359.75 758.073 
360.133 758.498 
360.516 758.922 
360.898 759.347 
361.281 759.771 
361.664 760.196 
362.046 760.62 
362.429 761.044 
362.812 761.469 
363.194 761.893 
363.577 762.317 
363.96 762.741 
364.342 763.165 
364.725 763.589 
365.108 764.012 
365.49 764.436 
365.873 764.86 
366.255 765.283 
366.638 765.707 
367.02 766.13 
367.403 766.554 
367.785 766.977 
368.168 767.4 
368.55 767.823 
368.933 768.247 
369.315 768.67 
369.698 769.093 
370.08 769.516 
370.463 769.939 
370.845 770.362 
371.227 770.784 
371.61 771.207 
371.992 771.63 
372.375 772.052 
372.757 772.475 
373.139 772.897 
373.522 773.32 
373.904 773.742 
374.286 774.165 
374.669 774.587 
375.051 775.009 
375.433 775.431 
375.815 775.853 
376.198 776.275 
376.58 776.697 
376.962 777.119 
377.344 777.541 
377.726 777.963 
378.109 778.385 
378.491 778.806 
378.873 779.228 
379.255 779.65 
379.637 780.071 
380.019 780.493 
380.402 780.914 
380.784 781.335 
381.166 781.757 
381.548 782.178 
381.93 782.599 
382.312 783.02 
382.694 783.441 
383.076 783.862 
383.458 784.283 
383.84 784.704 
384.222 785.125 
384.604 785.545 
384.986 785.966 
385.368 786.387 
385.75 786.807 
386.132 787.228 
386.514 787.648 
386.896 788.069 
387.278 788.489 
387.66 788.909 
388.041 789.33 
388.423 789.75 
388.805 790.17 
389.187 790.59 
